Descriptive Statistics for Stock Return Prediction Dataset
================================================================================ 

          variable          mean       median       sd       min       max
1   revenue_growth -1.475206e-16  0.003348023 1.000000 -2.787211  3.870651
2    profit_margin -9.418762e-17 -0.010663746 1.000000 -2.966523  3.075692
3   debt_to_equity -1.588180e-17  0.027611353 1.000000 -1.697923  1.718084
4         pe_ratio  2.477489e-16 -0.005505385 1.000000 -1.718348  1.795677
5       volatility  1.409726e-16 -0.044719188 1.000000 -1.738181  1.745822
6       market_cap -3.176895e-17 -0.003068217 1.000000 -1.680668  1.675288
7    interest_rate  4.396288e-16 -0.006394624 1.000000 -2.790977  3.000446
8   inflation_rate -2.300880e-17 -0.017775106 1.000000 -2.607023  3.443133
9     sector_score -1.432838e-16 -0.025680904 1.000000 -1.606044  1.554682
10 previous_return  7.398514e-17 -0.020042013 1.000000 -3.764484  3.226667
11   future_return  4.848914e+00  4.747694763 4.142476 -7.858267 16.699716
